20 0.988 0.043 -0.125 1
20 1.004 -0.004 -0.137 1
20 0.965 -0.137 -0.109 1
20 1.008 0.141 -0.125 1
20 1.008 -0.012 -0.121 1
20 0.969 -0.121 -0.121 1
20 1.008 0.148 -0.121 1
20 1.016 0.031 -0.129 1
20 1.016 -0.004 -0.129 1
20 0.965 -0.07 -0.117 1
20 1.02 0.047 -0.125 1
20 0.984 0.141 -0.152 1
20 1 0.055 -0.125 1
20 0.984 -0.008 -0.137 1
20 0.984 0.121 -0.117 1
20 0.973 -0.137 -0.137 1
20 1 -0.008 -0.129 1
20 0.98 0.082 -0.125 1
20 0.969 -0.129 -0.137 1
20 0.988 0.047 -0.137 1
20 1.02 -0.043 -0.129 1
20 0.969 -0.113 -0.141 1
20 1.004 0.063 -0.133 1
20 1.035 -0.063 -0.129 1
20 0.973 -0.094 -0.141 1
20 0.996 0.066 -0.137 1
20 1.031 -0.035 -0.133 1
20 0.961 -0.156 -0.152 1
20 1.004 0.059 -0.133 1
20 1.027 0.035 -0.125 1
20 1 0.141 -0.125 1
80 1.32 -0.215 -0.535 2
80 1.578 0.273 -0.285 2
80 0.574 0.391 -0.02 2
80 -0.148 -0.258 2.047 2
80 1.957 0.676 -0.691 2
80 1.156 0.555 -0.23 2
80 0.867 0.852 0.637 2
80 -1.719 -0.563 1.539 2
80 1.613 0.07 -0.738 2
80 0.902 0.555 -0.027 2
80 1.105 0.094 0.539 2
80 0.633 -0.621 0.105 2
80 0.633 0.309 -0.699 2
80 0.891 0.473 0.141 2
80 0.879 -0.262 0.555 2
80 1.328 -0.156 -0.828 2
80 0.672 0.477 -0.355 2
80 1.695 -0.039 0.203 2
80 0.855 -0.73 -0.25 2
80 0.5 0.066 -0.434 2
80 0.625 0.328 -0.367 2
80 1.422 -0.234 0.16 2
80 1.152 -0.715 -0.301 2
80 0.285 0.184 -0.426 2
80 1.051 1.133 0.512 2
80 2.004 -0.953 0.715 2
80 1.773 -0.301 -0.793 2
80 0.566 0.348 -0.312 2
80 1.25 0.699 0.387 2
100 1.258 -0.18 0.07 3
100 0.887 0.121 -0.402 3
100 0.844 0.004 0.371 3
100 0.824 -0.102 -0.16 3
100 1.051 0.234 -0.074 3
100 0.824 -0.117 -0.117 3
100 0.926 0.125 -0.375 3
100 0.969 0.035 0.285 3
100 0.938 -0.125 -0.094 3
100 1.004 0.137 -0.219 3
100 0.695 -0.035 0.086 3
100 1.016 -0.031 -0.246 3
100 1.008 0.129 -0.117 3
100 1.07 -0.141 -0.102 3
100 1.031 0.141 -0.102 3
100 0.77 0.016 0.055 3
100 1.031 -0.043 -0.328 3
100 1.051 0.148 -0.133 3
100 1.242 -0.172 -0.133 3
100 0.926 0.156 -0.316 3
100 0.91 0.016 0.277 3
100 0.957 -0.043 -0.508 3
100 1.043 0.184 -0.063 3
100 1.039 -0.266 -0.199 3
100 0.824 0.176 -0.316 3
100 1.004 -0.031 0.281 3
100 0.879 -0.016 -0.457 3
100 0.988 0.176 0.027 3
100 0.883 -0.27 -0.137 3
100 1.051 0.23 -0.273 3
100 1.242 -0.117 -0.016 3
100 0.992 -0.047 -0.512 3